0 -1 0 1 0 4 0
0.1 -0.810399 0.343253 0.796569 0.365478 4 14
0.2 -0.320016 0.89759 0.288285 0.916892 4 10
0.3 0.255747 0.934593 -0.337869 0.885845 4 10
0.4 0.776517 0.397021 -0.812143 0.340423 4 10
0.5 0.950046 0.0974123 -0.999998 3.98786E-06 4 10
0.6 0.750205 0.437193 -0.815763 0.334531 4 10
0.7 0.269768 0.927225 -0.331347 0.890209 4 10
0.8 -0.329792 0.891237 0.266009 0.929239 4 10
0.9 -0.809728 0.34434 0.787911 0.379196 4 10
1 -0.999993 1.43151E-05 0.945149 0.106694 4 26
1.1 -0.999993 1.38574E-05 0.882947 0.220405 4 15
1.2 -0.999993 1.33881E-05 0.819188 0.328931 4 10
1.3 -0.999993 1.34963E-05 0.833882 0.304642 4 10
1.4 -0.999993 1.34917E-05 0.833255 0.305686 4 10
1.5 -0.999994 1.2859E-05 0.747288 0.441561 4 10
1.6 -0.999994 1.20765E-05 0.640961 0.589169 4 10
1.7 -0.999994 1.20505E-05 0.637429 0.593684 4 10
1.8 -0.999994 1.2257E-05 0.665487 0.557127 4 10
1.9 -0.999994 1.17643E-05 0.598537 0.641753 4 10
2 -0.999995 1.07285E-05 0.457792 0.790427 4 10
