0 0 0 5 0 100 0
0.1 -0.189013 -1.12587 4.65553 0.331278 100 10
0.2 -0.821066 0.60062 4.69876 0.262861 100 10
0.3 -0.755029 1.33052 4.10444 0.484587 100 10
0.4 -0.705888 1.31175 4.08184 0.473595 100 10
0.5 -0.794283 1.34085 3.46793 0.575073 100 10
0.6 -0.611463 1.4289 3.12891 0.680506 100 10
0.7 -0.335388 1.4814 2.8119 0.784254 100 10
0.8 -0.251502 1.47055 2.71635 0.772475 100 10
0.9 -0.137032 1.39372 2.26012 0.820301 100 10
1 0.109732 1.39019 2.21954 0.847165 100 10
1.1 0.0583304 1.41242 2.35082 0.777989 100 10
1.2 0.211499 1.33496 2.0879 0.799401 100 10
1.3 0.406566 1.27013 2.0196 0.805684 100 10
1.4 0.22061 1.29062 1.94264 0.787971 100 10
1.5 0.333088 1.13516 1.53157 0.773911 100 10
1.6 0.370452 1.17575 1.69175 0.77347 100 10
1.7 0.358611 1.1767 1.68117 0.780295 100 10
1.8 0.510576 1.1131 1.67253 0.765225 100 10
1.9 0.628231 0.998315 1.53584 0.750996 100 10
2 0.699829 0.82546 1.26316 0.716067 100 10
2.1 0.790156 0.698405 1.19638 0.694987 100 10
2.2 0.835885 0.517062 1.02462 0.653307 100 10
2.3 0.803377 0.411936 0.854542 0.592186 100 10
2.4 0.750127 0.320013 0.689621 0.51741 100 10
2.5 0.764781 0.199006 0.6461 0.493584 100 10
2.6 0.771156 0.136859 0.634669 0.48599 100 10
2.7 0.783716 0.0415016 0.638062 0.485936 100 10
2.8 0.739154 -0.0394699 0.565153 0.44473 100 10
2.9 0.682058 -0.177692 0.510637 0.412214 100 10
3 0.616116 -0.241771 0.448712 0.372127 100 10
3.1 0.569583 -0.276958 0.410102 0.345508 100 10
3.2 0.508106 -0.315852 0.364995 0.313614 100 10
3.3 0.460961 -0.331439 0.328019 0.286337 100 10
3.4 0.377736 -0.345276 0.265518 0.238288 100 10
3.5 0.32131 -0.364394 0.23895 0.216822 100 10
3.6 0.261521 -0.389862 0.222943 0.20361 100 10
3.7 0.197064 -0.385419 0.189184 0.175326 100 10
3.8 0.148928 -0.384857 0.171776 0.160335 100 10
3.9 0.109815 -0.379287 0.157164 0.147545 100 10
4 0.0624348 -0.368651 0.140797 0.133076 100 10
4.1 0.017495 -0.360158 0.130881 0.124199 100 10
4.2 -0.0196315 -0.337382 0.114869 0.10973 100 10
4.3 -0.0486741 -0.316479 0.103056 0.0989147 100 10
4.4 -0.0704603 -0.290835 0.0899498 0.0867954 100 10
4.5 -0.0858917 -0.271586 0.0814665 0.0788688 100 10
4.6 -0.107854 -0.244497 0.0716647 0.0696585 100 10
4.7 -0.122713 -0.222657 0.0648426 0.0631978 100 10
4.8 -0.138479 -0.197119 0.0581989 0.0568746 100 10
4.9 -0.148452 -0.177506 0.0536893 0.0525581 100 10
5 -0.155422 -0.150891 0.0470328 0.0461668 100 10
5.1 -0.156941 -0.126119 0.0406171 0.039973 100 10
5.2 -0.16096 -0.102803 0.0365414 0.0360203 100 10
5.3 -0.165801 -0.0816862 0.0342198 0.0337618 100 10
5.4 -0.164308 -0.0584353 0.0304569 0.0300949 100 10
5.5 -0.1635 -0.038638 0.028264 0.0279518 100 10
5.6 -0.158352 -0.0209686 0.0255468 0.0252917 100 10
5.7 -0.152546 -0.00435866 0.0233159 0.0231032 100 10
5.8 -0.145163 0.0101457 0.0211972 0.0210212 100 10
5.9 -0.135292 0.0230303 0.0188517 0.0187127 100 10
6 -0.127708 0.0353393 0.0175733 0.0174522 100 10
6.1 -0.117825 0.0459762 0.016009 0.0159084 100 10
6.2 -0.107141 0.0546511 0.0144761 0.0143938 100 10
6.3 -0.0960357 0.0625328 0.0131417 0.0130739 100 10
6.4 -0.0846116 0.0681825 0.0118148 0.0117601 100 10
6.5 -0.0737281 0.0725101 0.0106991 0.0106542 100 10
6.6 -0.0626379 0.0761183 0.00972212 0.00968504 100 10
6.7 -0.0517172 0.0770142 0.00860946 0.00858042 100 10
6.8 -0.0421937 0.0779005 0.0078518 0.00782761 100 10
6.9 -0.0329866 0.0779755 0.00717081 0.00715061 100 10
7 -0.0241653 0.0769037 0.00650021 0.0064836 100 10
7.1 -0.0155648 0.0755828 0.00595677 0.0059428 100 10
7.2 -0.00748976 0.0733191 0.00543324 0.00542161 100 10
7.3 0.000532194 0.0701019 0.00491575 0.00490624 100 10
7.4 0.00657914 0.0663265 0.00444346 0.00443569 100 10
7.5 0.012677 0.0619244 0.00399612 0.00398984 100 10
7.6 0.0180347 0.057303 0.00360953 0.0036044 100 10
7.7 0.0225584 0.0527868 0.00329586 0.00329158 100 10
7.8 0.0263788 0.0477935 0.0029805 0.002977 100 10
7.9 0.0296041 0.0427143 0.00270127 0.0026984 100 10
8 0.0322892 0.0376956 0.00246386 0.00246146 100 10
8.1 0.0340809 0.032651 0.00222784 0.00222588 100 10
8.2 0.0352884 0.0277277 0.00201429 0.0020127 100 10
8.3 0.0359822 0.022919 0.00182016 0.00181886 100 10
8.4 0.0363355 0.0181971 0.00165154 0.00165046 100 10
8.5 0.0360097 0.0136379 0.0014828 0.00148193 100 10
8.6 0.0353026 0.00946429 0.00133593 0.00133523 100 10
8.7 0.0343013 0.00559444 0.00120795 0.00120738 100 10
8.8 0.0330338 0.00194099 0.00109506 0.00109459 100 10
8.9 0.0314152 -0.00119154 0.000988383 0.000987998 100 10
9 0.0295969 -0.0041378 0.000893134 0.00089282 100 10
9.1 0.0276476 -0.00674463 0.000809911 0.000809653 100 10
9.2 0.0255435 -0.00907007 0.000734761 0.000734549 100 10
9.3 0.023307 -0.011019 0.000664654 0.00066448 100 10
9.4 0.0210287 -0.0126092 0.000601217 0.000601075 100 10
9.5 0.018697 -0.0139493 0.000544172 0.000544056 100 10
9.6 0.0163446 -0.0149836 0.000491665 0.00049157 100 10
9.7 0.0140516 -0.015716 0.000444449 0.000444371 100 10
9.8 0.0117849 -0.0162108 0.000401683 0.00040162 100 10
9.9 0.0096176 -0.0164834 0.000364206 0.000364154 100 10
10 0.00756034 -0.0164893 0.000329061 0.000329018 100 10
