0 0 0 5 0 100 0
0.01 0.00324815 -0.0104176 4.74831 0.466646 100 10
0.02 -0.00510515 -0.0254043 4.76915 0.409455 100 10
0.03 -0.0139143 -0.0381409 4.17748 1.08612 100 10
0.04 -0.0157189 -0.0515466 4.22634 1.01125 100 10
0.05 -0.0215515 -0.0643026 3.56403 1.22928 100 10
0.06 -0.0263062 -0.0735713 3.33864 1.26022 100 10
0.07 -0.0317112 -0.0796666 3.18692 1.24645 100 10
0.08 -0.0321277 -0.0915528 3.1364 1.16183 100 10
0.09 -0.0376379 -0.0964092 2.81781 1.2267 100 10
0.1 -0.0389657 -0.10625 2.93157 1.13443 100 10
0.11 -0.0285641 -0.126736 2.81402 1.12908 100 10
0.12 -0.0320712 -0.133381 2.68838 1.14537 100 10
0.13 -0.0289793 -0.14445 2.69588 1.10105 100 10
0.14 -0.0241107 -0.152183 2.27266 1.20348 100 10
0.15 -0.0359163 -0.151833 2.16714 1.18083 100 10
0.16 -0.0214097 -0.164496 2.01194 1.14699 100 10
0.17 -0.0156307 -0.169738 1.82767 1.06224 100 10
0.18 -0.00905945 -0.176339 1.78871 1.03369 100 10
0.19 -0.00771099 -0.18152 1.75893 1.00859 100 10
0.2 -0.0131974 -0.186291 1.7968 1.02309 100 10
0.21 -0.00686059 -0.192172 1.76255 0.998513 100 10
0.22 -0.00641167 -0.198315 1.81189 1.01918 100 10
0.23 -0.0138588 -0.202671 1.8255 1.01895 100 10
0.24 -0.0297476 -0.204025 1.85523 1.02455 100 10
0.25 -0.0185849 -0.211903 1.81893 1.00545 100 10
0.26 -0.0185607 -0.213678 1.65709 0.907171 100 10
0.27 -0.0116591 -0.216732 1.52664 0.79302 100 10
0.28 -0.0114055 -0.220284 1.50719 0.77167 100 10
0.29 0.00862352 -0.225061 1.45594 0.716781 100 10
0.3 0.013716 -0.22785 1.42903 0.685166 100 10
0.31 0.00815618 -0.230855 1.41197 0.663673 100 10
0.32 0.0101628 -0.233707 1.39289 0.639748 100 10
0.33 0.00409023 -0.236689 1.40264 0.649869 100 10
0.34 0.0219564 -0.23994 1.42428 0.67466 100 10
0.35 0.0235773 -0.24248 1.39218 0.636089 100 10
0.36 0.0216103 -0.244727 1.31152 0.532741 100 10
0.37 0.0357308 -0.245782 1.28147 0.49177 100 10
0.38 0.0357993 -0.24783 1.2587 0.458759 100 10
0.39 0.0331555 -0.249956 1.25671 0.454616 100 10
0.4 0.0353037 -0.252452 1.22488 0.408077 100 10
0.41 0.0282066 -0.25654 1.19468 0.362215 100 10
0.42 0.0341535 -0.258793 1.17363 0.330153 100 10
0.43 0.0370243 -0.259744 1.16628 0.317913 100 10
0.44 0.0483634 -0.259347 1.15871 0.306299 100 22
0.45 0.0578401 -0.253913 1.57957 25.6376 100 40
0.46 0.0605321 -0.256506 1.59649 20.3392 100 43
0.47 0.0667609 -0.257468 1.22356 2.9028 100 21
0.48 0.0639591 -0.262355 1.12897 0.258778 100 13
0.49 0.0701496 -0.258458 1.13565 0.266869 100 10
0.5 0.0727577 -0.263747 1.11306 0.232555 100 10
0.51 0.0828747 -0.269142 1.08893 0.199199 100 10
0.52 0.0768454 -0.274028 1.08111 0.18608 100 10
0.53 0.0652187 -0.272264 1.08903 0.19229 100 10
0.54 0.0517134 -0.281001 1.07809 0.175513 100 10
0.55 0.0413947 -0.27855 1.08359 0.178998 100 10
0.56 0.0407296 -0.280496 1.08025 0.3332 100 26
0.57 0.0375316 -0.210245 14.6179 660.918 100 60
0.58 0.0404603 -0.239107 6.41002 203.405 100 52
0.59 0.0335446 -0.256682 4.45791 91.7448 100 26
0.6 0.0438778 -0.275783 1.19806 2.9385 100 15
0.61 0.043482 -0.275125 1.07884 0.311983 100 10
0.62 0.0436822 -0.276743 1.06582 0.148638 100 10
0.63 0.0387833 -0.274051 1.06633 0.140097 100 10
0.64 0.0330693 -0.277564 1.06182 0.131155 100 10
0.65 0.0348648 -0.279665 1.05749 0.124503 100 10
0.66 0.0325923 -0.274695 1.05909 0.122922 100 13
0.67 0.0170476 -0.278004 3.5208 169.056 100 46
0.68 0.0289385 -0.149372 24.8093 657.239 100 57
0.69 0.030854 -0.207741 10.9549 241.256 100 38
0.7 0.015886 -0.190868 12.3768 160.856 100 26
0.71 0.0468244 -0.29087 1.96773 17.7798 100 14
0.72 0.0591696 -0.29775 1.06885 0.744207 100 10
0.73 0.0625732 -0.280266 1.06567 0.468026 100 10
0.74 0.0554232 -0.30061 1.02682 0.0911778 100 10
0.75 0.0488869 -0.29402 1.02908 0.0836338 100 10
0.76 0.0501496 -0.287962 1.03019 0.080797 100 10
0.77 0.0625525 -0.295904 1.02383 0.0783274 100 10
0.78 0.0627005 -0.296007 1.02264 0.0761728 100 22
0.79 0.0688225 -0.293798 1.2124 11.8624 100 36
0.8 0.083098 -0.288991 2.2234 51.9765 100 36
0.81 0.0792178 -0.299091 1.32392 9.37915 100 21
0.82 0.0695715 -0.302481 1.35005 6.94549 100 14
0.83 0.0637424 -0.308532 1.04771 0.711165 100 10
0.84 0.0787845 -0.309458 1.00973 0.0752684 100 10
0.85 0.0862417 -0.292318 1.01338 0.0637201 100 10
0.86 0.0860173 -0.283342 1.0156 0.0607713 100 10
0.87 0.0879651 -0.2824 1.01481 0.05936 100 10
0.88 0.106042 -0.287608 1.00876 0.0612086 100 10
0.89 0.0844719 -0.280987 1.01452 0.0559402 100 10
0.9 0.0926403 -0.279147 1.01293 0.0554636 100 11
0.91 0.0923975 -0.287609 1.01005 0.063387 100 30
0.92 0.101261 -0.30062 1.0326 1.71872 100 35
0.93 0.0895426 -0.257555 6.78702 191.319 100 30
0.94 0.0976072 -0.295605 1.18596 5.00961 100 21
0.95 0.102221 -0.303187 1.00433 0.127452 100 10
0.96 0.112519 -0.305401 1.00074 0.111992 100 10
0.97 0.112467 -0.299659 0.999183 0.0564787 100 10
0.98 0.12221 -0.304632 0.994795 0.0590038 100 10
0.99 0.112879 -0.314088 0.993429 0.058261 100 10
1 0.115724 -0.297035 0.998165 0.0536025 100 10
