0 1.4 -0.4 2.12 2.12 4 0
0.1 1.28708 -0.511541 1.91826 1.9183 3 10
0.2 1.16961 -0.606385 1.73569 1.73575 3 10
0.3 1.04942 -0.684995 1.5705 1.57057 3 10
0.4 0.928206 -0.747995 1.42106 1.42115 3 10
0.5 0.807495 -0.796092 1.28581 1.2859 3 10
0.6 0.688675 -0.830163 1.16344 1.16353 3 10
0.7 0.572972 -0.851129 1.05272 1.0528 3 10
0.8 0.461479 -0.859995 0.952555 0.952638 3 10
0.9 0.355118 -0.857776 0.861887 0.861965 3 10
1 0.254638 -0.845599 0.779878 0.779952 3 10
1.1 0.160715 -0.824554 0.705719 0.705787 3 10
1.2 0.0738121 -0.795681 0.638557 0.63862 3 10
1.3 -0.00571277 -0.760109 0.577798 0.577856 3 10
1.4 -0.0775728 -0.718915 0.522856 0.522908 3 10
1.5 -0.141672 -0.673056 0.473076 0.473122 3 10
1.6 -0.198034 -0.623607 0.428103 0.428146 3 10
1.7 -0.246669 -0.571445 0.387395 0.387433 3 10
1.8 -0.28775 -0.51743 0.350534 0.350568 3 10
1.9 -0.321489 -0.462404 0.317172 0.317202 3 10
2 -0.348175 -0.407117 0.28697 0.286997 3 10
2.1 -0.368209 -0.352252 0.259659 0.259683 3 10
2.2 -0.38194 -0.29842 0.234932 0.234953 3 10
2.3 -0.389824 -0.246184 0.212569 0.212587 3 10
2.4 -0.39232 -0.196005 0.192333 0.192349 3 10
2.5 -0.389936 -0.148241 0.174025 0.174039 3 10
2.6 -0.38316 -0.103274 0.157477 0.15749 3 10
2.7 -0.372473 -0.0613425 0.142499 0.14251 3 10
2.8 -0.358359 -0.0226885 0.128936 0.128945 3 10
2.9 -0.341311 0.0125798 0.116652 0.11666 3 10
3 -0.321841 0.04432 0.105546 0.105553 3 10
3.1 -0.300414 0.0725086 0.0955059 0.0955123 3 10
3.2 -0.277446 0.0971545 0.0864156 0.0864211 3 10
3.3 -0.25338 0.118296 0.0781955 0.0782003 3 10
3.4 -0.228572 0.136007 0.070743 0.0707472 3 10
3.5 -0.203419 0.150434 0.0640098 0.0640134 3 10
3.6 -0.178234 0.16171 0.0579173 0.0579204 3 10
3.7 -0.153329 0.169967 0.0523986 0.0524014 3 10
3.8 -0.12898 0.175432 0.0474122 0.0474145 3 10
3.9 -0.105422 0.178294 0.0429024 0.0429045 3 10
4 -0.0828426 0.178759 0.0388177 0.0388195 3 10
4.1 -0.0614235 0.177062 0.0351238 0.0351254 3 10
4.2 -0.0413208 0.173411 0.0317788 0.0317801 3 10
4.3 -0.0226443 0.168053 0.0287546 0.0287558 3 10
4.4 -0.0054832 0.161205 0.0260172 0.0260182 3 10
4.5 0.0101081 0.153107 0.0235439 0.0235448 3 10
4.6 0.024105 0.143945 0.0213011 0.0213019 3 10
4.7 0.0364811 0.133956 0.019275 0.0192756 3 10
4.8 0.0472502 0.123317 0.0174397 0.0174402 3 10
4.9 0.0564329 0.112239 0.0157822 0.0157827 3 10
5 0.0640645 0.100868 0.0142786 0.014279 3 10
5.1 0.0702024 0.0893853 0.0129181 0.0129185 3 10
5.2 0.0749326 0.0779299 0.011688 0.0116883 3 10
5.3 0.0783317 0.0666381 0.0105765 0.0105768 3 10
5.4 0.0804631 0.0556248 0.00956844 0.00956867 3 10
5.5 0.0814448 0.045001 0.00865835 0.00865855 3 10
5.6 0.0813589 0.0348579 0.00783434 0.00783452 3 10
5.7 0.0803162 0.025264 0.00708897 0.00708912 3 10
5.8 0.0784181 0.0162848 0.0064146 0.00641472 3 10
5.9 0.0757639 0.00796881 0.00580367 0.00580378 3 10
6 0.0724715 0.000342651 0.00525224 0.00525233 3 10
6.1 0.0686258 -0.00655977 0.00475253 0.00475261 3 10
6.2 0.0643298 -0.0127255 0.00430026 0.00430033 3 10
6.3 0.0596766 -0.0181558 0.00389094 0.003891 3 10
6.4 0.054757 -0.0228503 0.00352047 0.00352052 3 10
6.5 0.049657 -0.0268271 0.00318551 0.00318556 3 10
6.6 0.0444497 -0.0301088 0.00288231 0.00288235 3 10
6.7 0.0392111 -0.032713 0.00260765 0.00260769 3 10
6.8 0.0340087 -0.0346873 0.0023598 0.00235983 3 10
6.9 0.0288965 -0.0360625 0.00213551 0.00213554 3 10
7 0.0239273 -0.036877 0.00193243 0.00193245 3 10
7.1 0.0191435 -0.0371786 0.00174872 0.00174874 3 10
7.2 0.0145872 -0.0370084 0.00158241 0.00158243 3 10
7.3 0.0102876 -0.0364115 0.00143163 0.00143164 3 10
7.4 0.00628314 -0.0354411 0.00129555 0.00129556 3 10
7.5 0.00258067 -0.0341388 0.00117212 0.00117213 3 10
7.6 -0.000800398 -0.0325555 0.0010605 0.00106051 3 10
7.7 -0.00385026 -0.0307391 0.000959715 0.000959722 3 10
7.8 -0.00656338 -0.0287279 0.000868373 0.000868379 3 10
7.9 -0.00894107 -0.0265667 0.000785731 0.000785736 3 10
8 -0.0109876 -0.0242958 0.000711013 0.000711018 3 10
8.1 -0.0127063 -0.0219526 0.000643365 0.000643369 3 10
8.2 -0.0141104 -0.0195718 0.000582159 0.000582163 3 10
8.3 -0.0152134 -0.0171847 0.00052676 0.000526763 3 10
8.4 -0.0160319 -0.014819 0.000476624 0.000476627 3 10
8.5 -0.0165793 -0.0125022 0.000431178 0.000431181 3 10
8.6 -0.0168782 -0.0102586 0.000390111 0.000390113 3 10
8.7 -0.0169488 -0.00810658 0.000352979 0.00035298 3 10
8.8 -0.0168116 -0.0060617 0.000319374 0.000319376 3 10
8.9 -0.0164874 -0.00414245 0.000288996 0.000288997 3 10
9 -0.0159979 -0.00235472 0.000261477 0.000261478 3 10
9.1 -0.0153656 -0.000709039 0.000236604 0.000236605 3 10
9.2 -0.0146105 0.000789177 0.000214088 0.000214089 3 10
9.3 -0.0137533 0.00213453 0.000193711 0.000193711 3 10
9.4 -0.012815 0.00332583 0.000175285 0.000175286 3 10
9.5 -0.011813 0.00436509 0.000158601 0.000158601 3 10
9.6 -0.0107656 0.00525323 0.000143495 0.000143496 3 10
9.7 -0.00969076 0.00599408 0.00012984 0.00012984 3 10
9.8 -0.00860237 0.00659343 0.000117474 0.000117474 3 10
9.9 -0.00751573 0.00705794 0.000106301 0.000106301 3 10
10 -0.0064439 0.00739348 9.61875E-05 9.61877E-05 3 10
