0 1 0 0 1 2 0
0.1 0.99955 0.00090014 -0.00029822 1 2 10
0.2 0.995672 0.00863649 -0.030658 0.99906 2 10
0.3 0.987501 0.0248419 -0.0383375 0.99853 2 10
0.4 0.989276 0.0213324 -0.0143778 0.999793 2 10
0.5 0.978787 0.0419755 -0.0383242 0.998531 2 10
0.6 0.971836 0.0555356 -0.0209467 0.999561 2 10
0.7 0.96389 0.0709164 0.0226565 0.999487 2 10
0.8 0.965655 0.0675107 0.0470922 0.997782 2 10
0.9 0.949682 0.0981039 0.057331 0.996713 2 10
1 0.952025 0.0936489 0.114974 0.986781 2 10
1.1 0.968305 0.062385 0.0894734 0.991995 2 10
1.2 0.961062 0.0763595 0.114031 0.986997 2 10
1.3 0.962458 0.0736739 0.149884 0.977535 2 10
1.4 0.968143 0.0626994 0.0838342 0.992972 2 10
1.5 0.944762 0.107425 0.128159 0.983575 2 10
1.6 0.967076 0.0647645 0.0943456 0.991099 2 10
1.7 0.973475 0.0523462 0.0608611 0.996296 2 10
1.8 0.978465 0.0426056 0.0832783 0.993065 2 10
1.9 0.975737 0.0479379 0.112773 0.987282 2 10
2 0.959802 0.0787797 0.178517 0.968132 2 10

